0.1726504 0.11218902 0.10577688 0.11414726 0.097389182 0.16834611 0.059948411
0.11218902 0.21313391 0.1599048 0.13039973 0.15438277 0.057830366 0.20296909
0.10577688 0.1599048 0.20204898 0.20122649 0.14261543 0.20089029 0.20156268
0.11414726 0.13039973 0.20122649 0.27406925 0.11017304 0.27406925 0.27406925
0.097389182 0.15438277 0.14261543 0.11017304 0.18331892 0.052933914 0.16741216
0.16834611 0.057830366 0.20089029 0.27406925 0.052933914 0.5 0.048138496
0.059948411 0.20296909 0.20156268 0.27406925 0.16741216 0.048138496 0.5
